500	2026-04-01 20:19:00	1	0	15	0
500	2026-04-01 22:07:08	1	0	15	0
500	2026-04-01 23:13:44	1	0	15	0
500	2026-04-01 23:23:17	1	0	15	0
500	2026-04-02 00:45:26	1	0	15	0
500	2026-04-02 01:34:28	1	0	15	0
500	2026-04-02 03:25:26	1	0	15	0
500	2026-04-02 04:02:18	1	0	15	0
500	2026-04-02 07:04:59	1	0	15	0
500	2026-04-02 07:52:27	1	0	15	0
500	2026-04-02 08:03:14	1	0	15	0
500	2026-04-02 08:05:14	1	0	15	0
500	2026-04-02 08:48:31	1	0	15	0

500	2026-04-03 20:17:01	1	0	15	0
500	2026-04-03 20:25:55	1	0	15	0
500	2026-04-03 21:33:14	1	0	15	0
500	2026-04-04 01:34:00	1	0	15	0
500	2026-04-04 01:34:39	1	0	15	0
500	2026-04-04 02:02:57	1	0	15	0
500	2026-04-04 02:44:42	1	0	15	0
500	2026-04-04 03:21:33	1	0	15	0
500	2026-04-04 03:54:12	1	0	15	0
500	2026-04-04 04:04:29	1	0	15	0
500	2026-04-04 04:28:48	1	0	15	0
500	2026-04-04 04:51:30	1	0	15	0
500	2026-04-04 06:48:32	1	0	15	0

500	2026-04-05 19:52:41	1	0	15	0
500	2026-04-05 21:33:29	1	0	15	0
500	2026-04-05 22:19:47	1	0	15	0
500	2026-04-05 23:33:29	1	0	15	0
500	2026-04-05 23:37:30	1	0	15	0
500	2026-04-06 00:50:07	1	0	15	0
500	2026-04-06 02:14:41	1	0	15	0
500	2026-04-06 02:50:46	1	0	15	0
500	2026-04-06 03:55:15	1	0	15	0
500	2026-04-06 04:39:09	1	0	15	0
500	2026-04-06 04:55:47	1	0	15	0
500	2026-04-06 06:26:35	1	0	15	0
500	2026-04-06 08:47:08	1	0	15	0

500	2026-04-07 19:19:51	1	0	15	0
500	2026-04-07 19:32:17	1	0	15	0
500	2026-04-07 20:39:39	1	0	15	0
500	2026-04-07 22:24:47	1	0	15	0
500	2026-04-08 00:59:35	1	0	15	0
500	2026-04-08 01:18:19	1	0	15	0
500	2026-04-08 02:13:47	1	0	15	0
500	2026-04-08 04:08:23	1	0	15	0
500	2026-04-08 05:00:23	1	0	15	0
500	2026-04-08 05:25:41	1	0	15	0
500	2026-04-08 07:35:49	1	0	15	0
500	2026-04-08 08:07:39	1	0	15	0
500	2026-04-08 08:59:52	1	0	15	0

500	2026-04-09 22:48:22	1	0	15	0
500	2026-04-10 00:01:06	1	0	15	0
500	2026-04-10 00:18:03	1	0	15	0
500	2026-04-10 00:31:18	1	0	15	0
500	2026-04-10 03:12:38	1	0	15	0
500	2026-04-10 03:44:17	1	0	15	0
500	2026-04-10 04:10:39	1	0	15	0
500	2026-04-10 04:16:53	1	0	15	0
500	2026-04-10 06:01:13	1	0	15	0
500	2026-04-10 06:19:06	1	0	15	0
500	2026-04-10 07:52:30	1	0	15	0
500	2026-04-10 08:01:16	1	0	15	0
500	2026-04-10 08:38:26	1	0	15	0

500	2026-04-11 20:05:55	1	0	15	0
500	2026-04-11 20:24:52	1	0	15	0
500	2026-04-11 21:37:29	1	0	15	0
500	2026-04-11 22:17:54	1	0	15	0
500	2026-04-11 22:22:18	1	0	15	0
500	2026-04-12 01:06:02	1	0	15	0
500	2026-04-12 05:10:29	1	0	15	0
500	2026-04-12 05:45:04	1	0	15	0
500	2026-04-12 06:23:41	1	0	15	0
500	2026-04-12 06:49:28	1	0	15	0
500	2026-04-12 06:54:31	1	0	15	0
500	2026-04-12 07:28:36	1	0	15	0
500	2026-04-12 08:56:10	1	0	15	0

500	2026-04-13 20:51:08	1	0	15	0
500	2026-04-13 21:09:28	1	0	15	0
500	2026-04-13 21:10:42	1	0	15	0
500	2026-04-13 21:49:16	1	0	15	0
500	2026-04-13 22:08:43	1	0	15	0
500	2026-04-14 00:21:21	1	0	15	0
500	2026-04-14 00:28:31	1	0	15	0
500	2026-04-14 00:37:17	1	0	15	0
500	2026-04-14 01:02:38	1	0	15	0
500	2026-04-14 06:58:39	1	0	15	0
500	2026-04-14 07:06:13	1	0	15	0
500	2026-04-14 08:13:39	1	0	15	0
500	2026-04-14 08:51:31	1	0	15	0

500	2026-04-15 21:24:03	1	0	15	0
500	2026-04-15 21:53:30	1	0	15	0
500	2026-04-15 22:20:05	1	0	15	0
500	2026-04-15 22:32:05	1	0	15	0
500	2026-04-16 00:10:37	1	0	15	0
500	2026-04-16 01:12:20	1	0	15	0
500	2026-04-16 01:37:40	1	0	15	0
500	2026-04-16 02:11:53	1	0	15	0
500	2026-04-16 03:04:16	1	0	15	0
500	2026-04-16 04:15:27	1	0	15	0
500	2026-04-16 06:26:55	1	0	15	0
500	2026-04-16 07:51:11	1	0	15	0
500	2026-04-16 08:09:34	1	0	15	0

500	2026-04-17 19:22:23	1	0	15	0
500	2026-04-17 19:36:46	1	0	15	0
500	2026-04-17 20:58:07	1	0	15	0
500	2026-04-17 21:26:22	1	0	15	0
500	2026-04-17 22:05:47	1	0	15	0
500	2026-04-17 22:42:21	1	0	15	0
500	2026-04-18 01:42:19	1	0	15	0
500	2026-04-18 04:53:39	1	0	15	0
500	2026-04-18 05:03:37	1	0	15	0
500	2026-04-18 05:24:19	1	0	15	0
500	2026-04-18 06:23:45	1	0	15	0
500	2026-04-18 08:11:01	1	0	15	0
500	2026-04-18 08:56:19	1	0	15	0

500	2026-04-19 20:58:54	1	0	15	0
500	2026-04-19 21:32:37	1	0	15	0
500	2026-04-19 22:43:25	1	0	15	0
500	2026-04-19 23:50:24	1	0	15	0
500	2026-04-20 00:40:00	1	0	15	0
500	2026-04-20 01:28:56	1	0	15	0
500	2026-04-20 06:10:09	1	0	15	0
500	2026-04-20 06:47:23	1	0	15	0
500	2026-04-20 07:28:00	1	0	15	0
500	2026-04-20 07:38:47	1	0	15	0
500	2026-04-20 07:46:03	1	0	15	0
500	2026-04-20 07:52:56	1	0	15	0
500	2026-04-20 08:53:48	1	0	15	0

500	2026-04-21 20:32:20	1	0	15	0
500	2026-04-21 21:17:26	1	0	15	0
500	2026-04-21 21:48:40	1	0	15	0
500	2026-04-21 21:51:25	1	0	15	0
500	2026-04-21 21:56:03	1	0	15	0
500	2026-04-21 23:02:25	1	0	15	0
500	2026-04-21 23:51:44	1	0	15	0
500	2026-04-22 00:21:29	1	0	15	0
500	2026-04-22 00:57:58	1	0	15	0
500	2026-04-22 02:06:10	1	0	15	0
500	2026-04-22 02:47:44	1	0	15	0
500	2026-04-22 04:56:57	1	0	15	0
500	2026-04-22 06:53:59	1	0	15	0

500	2026-04-23 19:34:43	1	0	15	0
500	2026-04-23 20:07:09	1	0	15	0
500	2026-04-23 20:43:03	1	0	15	0
500	2026-04-23 21:39:23	1	0	15	0
500	2026-04-23 22:20:09	1	0	15	0
500	2026-04-23 22:59:26	1	0	15	0
500	2026-04-24 00:22:45	1	0	15	0
500	2026-04-24 00:36:05	1	0	15	0
500	2026-04-24 01:54:29	1	0	15	0
500	2026-04-24 04:33:06	1	0	15	0
500	2026-04-24 07:38:17	1	0	15	0
500	2026-04-24 07:49:01	1	0	15	0
500	2026-04-24 08:40:48	1	0	15	0

500	2026-04-25 20:23:27	1	0	15	0
500	2026-04-25 20:41:45	1	0	15	0
500	2026-04-25 21:14:29	1	0	15	0
500	2026-04-25 22:47:38	1	0	15	0
500	2026-04-25 22:50:17	1	0	15	0
500	2026-04-25 23:13:15	1	0	15	0
500	2026-04-26 00:51:25	1	0	15	0
500	2026-04-26 01:38:24	1	0	15	0
500	2026-04-26 02:56:15	1	0	15	0
500	2026-04-26 02:57:41	1	0	15	0
500	2026-04-26 06:23:15	1	0	15	0
500	2026-04-26 06:32:58	1	0	15	0
500	2026-04-26 07:29:45	1	0	15	0

500	2026-04-27 19:11:28	1	0	15	0
500	2026-04-27 20:30:11	1	0	15	0
500	2026-04-27 22:17:37	1	0	15	0
500	2026-04-27 22:51:46	1	0	15	0
500	2026-04-27 23:01:52	1	0	15	0
500	2026-04-28 00:12:15	1	0	15	0
500	2026-04-28 01:11:32	1	0	15	0
500	2026-04-28 03:21:32	1	0	15	0
500	2026-04-28 03:33:05	1	0	15	0
500	2026-04-28 03:36:33	1	0	15	0
500	2026-04-28 05:31:24	1	0	15	0
500	2026-04-28 07:08:00	1	0	15	0
500	2026-04-28 08:46:57	1	0	15	0

500	2026-04-29 19:05:41	1	0	15	0
500	2026-04-29 20:48:29	1	0	15	0
500	2026-04-29 21:36:55	1	0	15	0
500	2026-04-29 21:50:23	1	0	15	0
500	2026-04-29 22:14:08	1	0	15	0
500	2026-04-29 22:35:28	1	0	15	0
500	2026-04-30 02:16:17	1	0	15	0
500	2026-04-30 02:42:03	1	0	15	0
500	2026-04-30 04:38:47	1	0	15	0
500	2026-04-30 04:46:40	1	0	15	0
500	2026-04-30 07:06:58	1	0	15	0
500	2026-04-30 07:49:23	1	0	15	0
500	2026-04-30 08:11:55	1	0	15	0